-------------------------------------------------------------
----------------------- !PROPERTIES! ------------------------
-------------------------------------------------------------
# -----------------------------------------------------------
$ THERMOCHEMISTRY_Energies
   description: The Thermochemistry energies
   geom. index: 0
   prop. index: 1
        Temperature (Kelvin)           :        398.1500000000
        Pressure (atm)                 :          1.0000000000
        Total Mass (AMU)               :       1031.1310000000
        Spin Degeneracy                :          1.0000000000
        Electronic Energy (Hartree)    :       -230.8394287024
        Translational Energy (Hartree) :          0.0018912912
        Rotational Energy (Hartree)    :          0.0018912912
        Vibrational Energy (Hartree)   :          0.1226622411
        Number of frequencies          :     429      
        Scaling Factor for frequencies :          1.0000000000
        Vibrational frequencies        :     
                  0    
      0       0.000000
      1       0.000000
      2       0.000000
      3       0.000000
      4       0.000000
      5       0.000000
      6       6.412099
      7       8.570891
      8      13.418540
      9      15.332779
     10      15.923957
     11      16.887667
     12      19.134323
     13      22.086521
     14      25.743097
     15      28.259296
     16      30.286478
     17      30.894847
     18      32.068219
     19      33.749280
     20      36.503440
     21      42.958899
     22      44.299571
     23      45.511890
     24      49.468826
     25      52.686080
     26      56.731807
     27      58.431309
     28      60.147898
     29      64.419394
     30      69.889928
     31      73.094362
     32      74.228155
     33      77.155800
     34      80.221375
     35      86.935213
     36      88.765934
     37      96.677682
     38      98.572319
     39     103.685268
     40     105.928945
     41     110.457211
     42     112.801837
     43     113.905115
     44     121.343683
     45     124.409567
     46     127.764242
     47     131.795302
     48     136.576363
     49     139.047360
     50     149.235575
     51     153.671206
     52     159.647176
     53     163.188511
     54     173.844108
     55     177.154212
     56     179.457159
     57     181.998194
     58     184.916635
     59     189.263969
     60     193.269444
     61     198.781788
     62     208.238196
     63     215.099723
     64     228.748738
     65     233.947277
     66     236.457955
     67     237.792380
     68     242.332185
     69     244.449169
     70     249.785057
     71     252.354510
     72     255.051848
     73     256.982838
     74     271.347216
     75     286.445271
     76     289.049135
     77     295.086532
     78     303.103693
     79     310.793519
     80     313.926696
     81     324.846181
     82     335.497038
     83     339.486413
     84     352.509545
     85     363.656843
     86     370.792670
     87     382.256926
     88     391.952924
     89     394.607801
     90     400.936851
     91     406.624811
     92     407.032781
     93     417.161139
     94     418.072055
     95     422.126875
     96     431.358961
     97     433.762588
     98     440.495634
     99     447.573324
    100     452.939567
    101     458.225782
    102     458.752573
    103     459.663749
    104     468.902581
    105     474.221230
    106     476.228369
    107     478.661575
    108     481.960790
    109     484.109972
    110     485.601621
    111     492.240423
    112     495.967955
    113     507.733620
    114     516.645420
    115     521.582571
    116     527.148289
    117     531.828856
    118     534.580719
    119     541.611199
    120     554.328695
    121     555.859134
    122     559.335014
    123     559.974907
    124     568.290762
    125     572.760631
    126     573.140060
    127     578.991095
    128     584.683864
    129     593.115001
    130     604.955919
    131     622.455154
    132     623.209937
    133     631.177467
    134     633.936962
    135     634.199648
    136     645.484793
    137     646.390016
    138     656.102219
    139     657.185104
    140     661.697412
    141     667.870699
    142     679.920993
    143     683.459518
    144     684.880144
    145     694.474814
    146     701.862005
    147     705.071173
    148     712.426227
    149     715.441983
    150     726.977613
    151     738.566114
    152     762.272024
    153     768.475737
    154     771.460056
    155     782.367974
    156     796.014934
    157     797.841326
    158     803.609316
    159     804.905893
    160     807.542627
    161     810.584361
    162     819.671174
    163     827.429341
    164     830.335985
    165     837.613276
    166     861.219687
    167     863.160645
    168     867.171506
    169     867.756340
    170     869.940209
    171     874.972170
    172     877.139619
    173     885.977949
    174     886.161783
    175     890.320442
    176     900.877184
    177     902.354079
    178     914.042420
    179     921.944224
    180     927.711728
    181     928.973169
    182     932.386707
    183     935.603250
    184     938.588025
    185     939.716965
    186     941.288431
    187     944.595974
    188     952.077602
    189     955.680628
    190     959.583851
    191     970.899939
    192     972.715287
    193     974.116854
    194     978.047116
    195     984.172616
    196     990.153121
    197     993.631354
    198     997.613754
    199     998.252205
    200     1013.767156
    201     1030.561546
    202     1031.439627
    203     1043.420542
    204     1052.000708
    205     1056.899818
    206     1058.472625
    207     1061.855086
    208     1064.270343
    209     1066.930850
    210     1068.104436
    211     1068.377172
    212     1074.030125
    213     1080.014412
    214     1085.364778
    215     1087.423179
    216     1090.439779
    217     1093.374075
    218     1097.644851
    219     1107.277341
    220     1107.988525
    221     1114.851258
    222     1116.675841
    223     1118.197051
    224     1120.557897
    225     1124.924509
    226     1127.638150
    227     1128.345894
    228     1129.471037
    229     1132.707314
    230     1133.986465
    231     1135.084565
    232     1139.892233
    233     1140.635708
    234     1146.018128
    235     1152.830967
    236     1156.027883
    237     1161.837678
    238     1166.080144
    239     1171.727488
    240     1174.245967
    241     1174.585714
    242     1176.982154
    243     1178.239422
    244     1182.576743
    245     1184.869296
    246     1187.461723
    247     1189.411395
    248     1194.064433
    249     1195.755804
    250     1198.363832
    251     1203.908558
    252     1206.242385
    253     1207.241148
    254     1210.351908
    255     1211.197758
    256     1218.251926
    257     1222.480806
    258     1230.645668
    259     1231.467359
    260     1234.507627
    261     1240.238736
    262     1245.758271
    263     1248.797375
    264     1251.218046
    265     1251.731095
    266     1261.048803
    267     1261.289928
    268     1263.338043
    269     1265.344922
    270     1267.474344
    271     1269.897949
    272     1270.814547
    273     1277.033174
    274     1279.828473
    275     1282.084941
    276     1285.219597
    277     1288.161085
    278     1292.127370
    279     1293.841048
    280     1294.395129
    281     1299.867947
    282     1302.695976
    283     1305.085423
    284     1308.307519
    285     1309.931654
    286     1312.984399
    287     1313.697968
    288     1316.323363
    289     1318.356758
    290     1321.420458
    291     1322.377099
    292     1324.362346
    293     1325.668802
    294     1328.406268
    295     1332.093707
    296     1333.628950
    297     1337.179950
    298     1337.267752
    299     1341.561307
    300     1343.313666
    301     1347.773985
    302     1350.361257
    303     1350.840564
    304     1354.738889
    305     1355.671905
    306     1357.003346
    307     1359.642528
    308     1368.373862
    309     1369.084871
    310     1371.191725
    311     1371.394640
    312     1372.149094
    313     1375.352019
    314     1385.262885
    315     1385.786745
    316     1396.546182
    317     1409.975884
    318     1425.175859
    319     1426.328668
    320     1431.014139
    321     1433.913514
    322     1435.429121
    323     1436.152196
    324     1446.726723
    325     1456.905091
    326     1458.226888
    327     1459.149710
    328     1460.078058
    329     1466.833798
    330     1469.199258
    331     1469.527544
    332     1471.911014
    333     1473.837791
    334     1475.834840
    335     1477.357436
    336     1478.969838
    337     1485.137651
    338     1485.802432
    339     1488.448015
    340     1489.922166
    341     1495.014445
    342     1496.505642
    343     1498.847116
    344     1509.491669
    345     1529.204417
    346     1548.038525
    347     1582.948958
    348     1622.033840
    349     1660.037580
    350     1701.113888
    351     1725.283133
    352     1735.874260
    353     1742.673204
    354     1758.888751
    355     1786.148552
    356     1790.154638
    357     1807.559759
    358     1810.011039
    359     2719.297378
    360     2845.729331
    361     2857.911685
    362     2862.987211
    363     2863.988999
    364     2879.040089
    365     2895.772166
    366     2901.877237
    367     2903.258629
    368     2904.694821
    369     2906.975812
    370     2907.525797
    371     2916.302038
    372     2921.719684
    373     2923.969994
    374     2942.452082
    375     2946.080165
    376     2946.212421
    377     2954.904664
    378     2959.340945
    379     2960.819534
    380     2962.307815
    381     2963.061337
    382     2963.611153
    383     2966.870104
    384     2968.391541
    385     2969.277694
    386     2972.279968
    387     2972.865383
    388     2976.203245
    389     2977.102785
    390     2978.266483
    391     2982.294043
    392     2984.746342
    393     2985.660082
    394     2987.981924
    395     2988.072245
    396     2992.843975
    397     2994.114167
    398     2998.487968
    399     2998.671799
    400     3000.620181
    401     3004.845465
    402     3009.288309
    403     3012.066632
    404     3015.011434
    405     3016.815590
    406     3026.686372
    407     3034.055241
    408     3035.983188
    409     3036.494254
    410     3038.355802
    411     3048.527417
    412     3074.051093
    413     3077.998830
    414     3088.854457
    415     3096.367764
    416     3110.286815
    417     3166.012483
    418     3175.404358
    419     3290.581397
    420     3374.090850
    421     3385.773311
    422     3391.920444
    423     3409.066589
    424     3431.396018
    425     3458.000499
    426     3482.766294
    427     3484.175274
    428     3487.220835
        Zero Point Energy (Hartree)    :          1.1642322323
        Inner Energy (Hartree)         :       -229.5487516466
        Enthalpy (Hartree)             :       -229.5474907483
        Electronic entropy             :          0.0000000000
        Rotational entropy             :          0.0267443405
        Vibrational entropy            :          0.2294093389
        Translational entropy          :          0.0267443405
        Entropy                        :          0.2866789095
        Gibbs Energy (Hartree)         :       -229.8341696578
        Is Linear                      :                 false
# -------------------------------------------------------------
----------------------- !GEOMETRIES! ------------------------
# -------------------------------------------------------------
